# Expression Atlas version: 0.1.4-SNAPSHOT
# Query: Genes matching: '' exactly, specifically expressed in any Developmental stage above the expression level cutoff: -0.1 in experiment E-MTAB-2812, filtered by Sex: hermaphrodite and Organism part: organism
# Timestamp: Tue, 28-Apr-2015 03:38:09
Gene ID	Gene Name	3-fold embryo Ce	4-cell embryo Ce	L1 larva Ce	L2 larva Ce	L2d-dauer molt Ce	L3 larva Ce	L4 larva Ce	adult Ce	dauer larva Ce	elongating embryo Ce	enclosing embryo Ce	fully-elongated embryo Ce	gastrulating embryo Ce	late cleavage stage embryo Ce	newly molted young adult hermaphrodite Ce	post dauer stage Ce	proliferating embryo Ce
WBGene00004412	rpl-1	996	50	373	1961	802	1806	2036	1507	2747	905	1204	747	674	920	1443	3105	252
WBGene00004413	rpl-2	1056	35	1088	2575	857	1309	1225	1452	2624	773	2387	884	1375	824	903	3317	528
WBGene00004414	rpl-3	1200	72	2788	2716	1898	2793	2052	2216	3926	1025	3115	1109	1344	1241	2164	5329	400
WBGene00004415	rpl-4	936	89	2116	1626	1242	1850	1299	1868	2766	634	979	776	915	640	1075	3630	481
WBGene00004416	rpl-5	1508	104	483	2818	1234	2568	2559	2105	3036	1067	2248	1180	1516	1473	1691	3942	652
WBGene00004417	rpl-6	1098	64	2446	2506	1711	2485	2410	1696	3613	1149	1581	1049	1069	1130	2160	4277	514
WBGene00004418	rpl-7	1365	93	924	2700	1915	2845	2194	2001	3886	1169	3542	1193	1801	1554	2004	4828	570
WBGene00004419	rpl-7A	531	33	413	1514	457	782	718	936	994	449	1200	400	822	403	542	1492	271
WBGene00004420	rpl-9	1200	62	497	3003	1188	2802	2937	2848	2874	966	2078	1141	977	1040	1770	3913	404
WBGene00004421	rpl-10	1051	148	175	2637	2048	3065	3242	2322	3998	1149	5631	1046	2018	1342	2441	5301	731
WBGene00004422	rpl-11.1	72	56	19	166	552	749	910	1939	988	70	847	56	509	63	1880	801	117
WBGene00004423	rpl-11.2	1306	12	416	1846	893	1309	1176	439	2044	1021	5252	1096	1244	815	521	3157	214
WBGene00004424	rpl-12	746	268	1045	1429	941	1618	1542	1560	2034	749	2225	573	1789	906	1244	2455	1062
WBGene00004425	rpl-13	1153	80	1167	1757	1501	1536	1896	1584	2528	972	3983	838	1607	1116	1662	4062	639
WBGene00004426	rpl-14	892	41	679	1566	1155	1941	2084	1138	2446	1079	3032	812	1020	1534	1595	2869	377
WBGene00004427	rpl-15	1104	72	347	2422	1283	2434	2539	2632	3023	952	2043	870	1000	910	2005	3846	468
WBGene00004428	rpl-16	1167	46	1290	2635	781	1786	1807	1379	2249	955	3063	848	1219	952	1434	2646	437
WBGene00004429	rpl-17	1404	70	648	2435	1416	2205	2516	2266	2972	868	3845	963	1562	933	1862	4068	475
WBGene00004430	rpl-18	859	73	1791	1199	908	991	1342	1456	1711	588	1440	567	1013	526	786	2742	431
WBGene00004431	rpl-19	763	55	354	1901	808	2417	2252	1843	2166	763	3868	594	1095	729	1566	2392	307
WBGene00004432	rpl-20	1225	58	2138	2194	1099	2056	2212	1755	2738	955	1646	928	1001	978	1240	3568	441
WBGene00004433	rpl-21	1337	47	371	1761	1198	1744	2310	1316	2671	1135	2026	1008	1099	1205	1936	3805	447
WBGene00004434	rpl-22	1140	44	144	2580	1542	1954	1660	1092	2315	1372	3469	1074	1462	1765	1932	4286	283
WBGene00004435	rpl-23	688	49	508	1329	471	1292	1114	913	1514	909	8273	616	1572	1460	1050	1413	671
WBGene00004436	rpl-24.1	1128	81	536	1797	849	1643	2248	1529	2152	1055	3022	844	1382	1310	1675	2886	550
WBGene00004437	rpl-24.2	180	19	82	119	248	75	67	71	469	405	1047	134	596	483	86	498	165
WBGene00004438	rpl-25.1	597	10	211	1396	412	810	981	340	1037	433	1092	506	372	468	193	1679	135
WBGene00004439	rpl-25.2	1047	102	263	1356	1063	1670	1984	2471	2389	996	1964	797	1534	895	2013	2847	643
WBGene00004440	rpl-26	652	49	81	1849	738	1506	2155	1712	1311	410	1580	587	786	554	1433	2302	240
WBGene00004441	rpl-27	1300	82	346	3023	2102	2820	3016	1769	3478	1591	6239	1353	1998	2353	2288	4877	568
WBGene00004442	rpl-28	1242	79	105	1582	738	1092	2193	1533	1803	859	1636	727	1038	523	1116	2271	485
WBGene00004443	rpl-29	483	89	400	1546	4449	6338	12139	6303	2949	785	1099	669	654	708	2062	4773	266
WBGene00004444	rpl-30	1071	51	67	2397	836	2540	3355	2437	1366	868	1424	826	648	982	1917	2762	309
WBGene00004445	rpl-31	1264	61	187	2305	975	1753	2937	1540	2486	714	1103	905	651	693	1318	3171	267
WBGene00004446	rpl-32	1483	81	174	3378	1987	2602	2828	2027	3266	1736	5767	1392	1370	2180	2307	4688	697
WBGene00004447	rpl-33	1455	55	112	2256	1055	1139	2127	1234	2294	819	3153	883	1218	1085	1120	3095	465
WBGene00004448	rpl-34	607	44	142	1878	603	1254	2138	1511	1410	680	1471	463	736	729	1254	2377	289
WBGene00004449	rpl-35	580	62	245	1379	677	1008	1333	1111	1305	481	1697	518	890	650	1031	1951	293
WBGene00004450	rpl-36	3549	66	645	2991	2777	2574	5187	2090	4776	3631	5598	2186	2668	1980	2654	8569	718
WBGene00004451	rpl-37	84	4	22	518	165	517	502	846	253	181	275	85	120	85	292	491	54
WBGene00004452	rpl-38	873	104	367	2631	2081	3911	6731	2813	3509	1164	2848	1030	1467	1152	2669	4605	583
WBGene00004453	rpl-39	650	79	140	9610	5421	11098	50548	10165	4050	868	606	1007	426	785	7627	7253	246
WBGene00004454	rpl-41	881	93	648	4323	2530	5239	10806	6257	4111	1195	2663	1067	1493	1751	3784	5180	426
WBGene00004455	rpl-42	0	0	0.1	0	0.1	2	1	0.3	0.3	0	0	0	0	0	4	0	0
WBGene00004456	rpl-43	768	64	130	2216	627	1639	2412	1280	1172	729	4207	559	1469	706	1838	2311	657
WBGene00004469	rps-0	1273	68	433	2876	1450	2576	2222	2064	3131	966	3889	1123	1494	989	2172	3850	456
WBGene00004470	rps-1	1443	87	2533	3113	1666	2819	2908	2028	3251	1051	2610	1214	1437	1149	2068	4750	598
WBGene00004471	rps-2	563	147	807	1127	634	1088	847	1154	808	336	1779	525	1533	300	900	1626	593
WBGene00004472	rps-3	1105	133	1883	2970	1400	2800	1962	2238	2748	877	4900	946	2297	997	2115	4340	770
WBGene00004473	rps-4	805	93	759	2240	1149	2328	2501	2457	2383	569	802	851	846	607	1776	3539	470
WBGene00004474	rps-5	740	67	475	1761	650	1507	1924	1537	1535	576	2535	586	1383	430	1601	2277	590
WBGene00004475	rps-6	1159	46	1403	1796	1340	2077	1567	1777	3168	933	1449	946	762	910	1294	4140	303
WBGene00004476	rps-7	1894	82	1542	3907	1914	3510	3873	2399	4614	1722	3151	1571	1365	1793	3219	5224	659
WBGene00004477	rps-8	2075	96	2546	3634	3012	4632	3746	3530	7387	1914	4353	1645	2080	1897	4120	14227	620
WBGene00004478	rps-9	1608	77	443	2887	1505	2603	2096	2039	3302	1513	8751	1147	2019	1524	2116	4540	843
WBGene00004479	rps-10	1281	109	177	2803	966	1452	2071	1432	2789	1021	3919	966	1872	1416	1552	3240	716
WBGene00004480	rps-11	1671	52	207	2696	1154	2351	2433	1505	3114	1705	3117	1082	1346	1544	2692	3374	391
WBGene00004481	rps-12	589	120	204	2289	1662	1915	3427	2210	1671	511	1994	455	920	441	1509	3351	505
WBGene00004482	rps-13	1153	53	657	1917	1273	1367	2444	1186	2449	1305	2837	920	1027	1490	1462	3000	522
WBGene00004483	rps-14	482	48	327	2124	630	1656	1480	1319	1173	305	1866	469	664	341	1146	2130	283
WBGene00004484	rps-15	416	31	1272	1179	733	1305	1210	956	930	408	2164	404	774	440	929	1434	304
WBGene00004485	rps-16	719	62	385	1584	1150	1211	1382	1031	3179	952	5838	596	1495	1167	1324	4025	446
WBGene00004486	rps-17	1284	72	451	3487	2823	3457	3420	3205	3737	1973	3578	1538	2012	2222	1965	5008	645
WBGene00004487	rps-18	1337	70	2053	2175	1071	2431	2892	2112	2394	1408	6115	1103	1717	1916	2005	2864	623
WBGene00004488	rps-19	938	36	281	1761	1198	1614	1925	1094	2097	886	3682	757	902	812	1441	2696	362
WBGene00004489	rps-20	917	53	222	1677	723	1324	1492	936	2106	993	2473	742	1463	963	1088	2108	347
WBGene00004490	rps-21	616	52	81	1461	1222	2733	4416	3234	1749	569	797	528	495	380	2470	3093	315
WBGene00004491	rps-22	903	36	82	1275	578	1232	1249	1295	1365	617	1411	578	534	684	925	2354	190
WBGene00004492	rps-23	1166	123	156	2927	1794	2881	2961	1903	3010	1313	8669	1133	2304	1752	2745	3956	722
WBGene00004493	rps-24	1424	90	185	2578	1345	2498	2879	2082	2825	1757	2888	1318	1569	2105	2111	3413	551
WBGene00004494	rps-25	1314	145	253	5044	2764	3643	4930	2955	3886	1672	5069	1467	1909	2427	3239	6090	599
WBGene00004495	rps-26	996	89	304	3202	1347	1787	5107	2528	2265	648	1193	1054	1008	615	2135	2880	472
WBGene00004496	rps-27	820	59	291	2485	1245	2811	4583	2894	1977	909	1186	776	986	852	1979	3406	490
WBGene00004497	rps-28	722	105	367	4821	4102	6968	11920	10105	5078	1195	2786	936	1490	966	2366	7487	527
WBGene00004498	rps-29	537	101	91	1015	1537	2558	3981	2882	1043	637	1190	519	1007	451	1996	2094	548
WBGene00004499	rps-30	1022	68	372	2118	1378	1747	2250	1194	2068	1009	3840	909	1483	1378	1588	2900	587
WBGene00007564	mrps-22	35	11	3	47	25	52	28	26	34	45	14	28	24	40	42	28	14
WBGene00007712	mrpl-34	39	20	11	27	26	28	26	36	23	51	32	31	40	34	36	23	33
WBGene00007859	mrps-31	8	13	2	18	10	13	14	15	11	16	11	13	18	13	26	14	12
WBGene00008452	mrps-5	62	11	41	72	39	72	35	43	70	70	67	59	60	82	57	50	39
WBGene00008459	mrpl-53	41	10	14	68	33	48	45	58	30	43	83	32	73	46	42	29	51
WBGene00008769	mrpl-13	32	7	19	36	55	36	37	21	37	51	248	29	121	59	33	43	28
WBGene00009013	mrps-33	52	8	47	44	50	63	53	30	41	60	399	55	115	55	48	51	30
WBGene00009128	mrpl-54	17	6	8	22	29	28	45	27	16	32	91	16	59	34	20	21	19
WBGene00010458	mrpl-10	51	15	43	49	43	52	41	39	47	65	44	44	36	58	59	36	29
WBGene00010624	mrps-15	43	6	10	32	24	49	18	18	24	55	16	28	24	50	42	24	12
WBGene00010783	mrpl-36	66	25	40	85	66	79	102	117	48	103	261	52	142	84	94	44	96
WBGene00010812	mrpl-35	38	6	2	41	40	41	46	33	35	51	144	28	68	54	44	38	21
WBGene00010905	mrps-34	40	15	11	35	27	43	26	22	24	50	11	32	22	39	46	29	20
WBGene00011247	mrpl-49	32	5	12	46	19	36	23	19	25	46	78	26	63	47	28	25	28
WBGene00011334	mrps-14	55	26	31	48	35	75	58	37	53	72	109	51	71	64	71	53	44
WBGene00011391	mrps-12	56	5	16	59	57	72	80	44	53	54	85	53	55	57	66	53	26
WBGene00011412	mrpl-16	41	7	9	45	24	48	28	26	26	50	17	34	24	42	47	18	16
WBGene00011740	mrpl-51	55	33	12	61	45	60	50	71	53	79	186	52	99	106	77	48	35
WBGene00011759	mrps-18B	28	10	15	50	45	53	41	32	41	39	110	30	67	44	56	51	25
WBGene00011883	mrpl-50	41	8	34	40	51	39	30	30	54	49	105	42	83	46	38	51	27
WBGene00012244	mrps-11	64	13	39	49	91	56	52	65	158	80	277	58	111	99	62	82	79
WBGene00012361	mrpl-12	35	11	4	53	35	69	67	38	17	37	50	31	46	56	60	27	24
WBGene00012556	mrps-10	42	35	13	37	23	42	24	41	25	51	46	33	48	47	40	21	59
WBGene00012645	mrpl-22	38	6	80	40	29	42	30	22	30	44	54	36	37	35	32	32	16
WBGene00012697	mrps-35	21	14	9	23	13	26	14	21	13	19	16	17	21	20	30	13	25
WBGene00012830	mrps-28	35	12	15	34	11	25	17	19	11	43	78	19	52	36	18	14	31
WBGene00012992	mrpl-20	40	26	3	21	26	38	41	43	16	51	79	28	77	46	35	19	44
WBGene00013004	mrpl-37	26	6	42	26	20	27	16	17	25	20	49	23	55	23	23	28	35
WBGene00013324	mrps-7	37	6	7	31	26	38	27	19	25	39	69	30	45	46	33	20	22
WBGene00014224	mrps-23	33	8	5	47	27	61	54	48	18	61	50	31	50	55	63	24	40
WBGene00015025	mrpl-9	49	11	10	76	56	89	55	37	76	61	89	43	95	73	70	65	56
WBGene00015092	mrpl-47	34	9	14	43	29	35	25	27	51	38	67	30	42	41	41	26	39
WBGene00015133	mrpl-11	88	26	8	86	48	68	55	52	46	88	28	58	60	84	76	48	40
WBGene00015185	mrpl-41	40	6	16	52	40	46	33	21	59	57	228	36	82	63	36	60	39
WBGene00015487	mrps-17	71	8	29	56	51	51	45	27	80	93	259	52	193	79	53	69	70
WBGene00016142	mrps-18C	36	9	22	34	27	39	26	39	40	42	43	29	38	46	44	36	18
WBGene00016249	mrpl-32	34	9	43	54	36	49	40	30	42	51	172	31	95	41	55	49	47
WBGene00016412	mrps-26	40	12	13	41	40	57	25	31	39	63	29	39	39	55	49	33	22
WBGene00017044	mrpl-18	27	33	9	33	28	34	29	43	27	42	126	23	136	44	43	32	73
WBGene00017319	mrps-9	48	9	15	48	35	49	27	26	38	56	11	35	19	44	40	39	19
WBGene00017924	mrps-21	56	11	3	76	49	55	48	40	38	81	344	49	168	91	47	37	44
WBGene00017997	mrpl-1	41	12	29	40	38	48	30	25	51	58	15	36	30	52	44	39	14
WBGene00018475	mrpl-14	36	6	24	46	48	50	52	42	44	49	118	31	43	54	43	51	19
WBGene00018793	mrpl-40	22	43	11	19	14	23	13	45	12	16	91	16	125	23	29	13	67
WBGene00018932	mrpl-2	27	10	12	32	21	32	16	25	25	25	29	23	34	23	30	26	29
WBGene00018961	mrps-16	45	31	17	30	14	43	24	36	20	57	181	29	61	60	39	24	68
WBGene00019076	mrpl-24	42	10	8	40	27	41	21	23	27	61	29	30	24	46	42	26	16
WBGene00020037	mrps-6	52	6	22	54	54	49	42	35	61	71	201	38	77	80	55	53	53
WBGene00020348	mrpl-23	49	6	8	32	54	48	46	25	47	105	199	39	122	96	56	40	31
WBGene00020717	mrpl-4	32	7	6	28	20	36	22	19	23	34	17	22	24	36	35	24	14
WBGene00020718	mrps-2	35	9	20	34	43	45	28	44	41	52	130	30	102	50	43	53	42
WBGene00020796	mrpl-28	53	11	13	44	31	39	22	25	39	54	37	35	35	53	56	26	29
WBGene00021021	mrpl-30	29	11	40	30	26	34	37	25	22	24	24	21	23	24	37	26	36
WBGene00021327	mrpl-38	20	11	12	25	16	30	21	16	16	18	21	17	20	24	28	16	16
WBGene00021829	mrpl-17	49	15	6	45	20	40	33	27	22	52	113	31	34	45	42	27	37
WBGene00021920	mrps-25	37	9	10	43	24	35	27	29	18	42	166	26	74	42	34	29	38
WBGene00021935	mrpl-46	7	7	4	8	11	11	12	12	9	9	25	9	32	11	19	15	15
WBGene00022045	mrpl-55	72	7	10	50	41	42	48	30	27	71	216	48	84	65	42	37	50
WBGene00022373	mrpl-15	27	10	5	33	19	36	25	21	12	37	71	22	70	32	32	17	31
WBGene00022470	mrpl-19	40	10	6	43	26	38	28	22	23	45	24	31	26	43	33	27	18
WBGene00022493	mrpl-45	14	12	6	19	18	14	19	31	18	16	21	13	26	15	38	28	13
WBGene00022583	mrps-18A	38	11	23	35	39	40	41	26	32	50	116	30	72	51	40	32	26
WBGene00023422	mrpl-21	34	10	7	30	33	30	26	22	34	46	32	24	33	38	28	37	24
WBGene00023487	mrps-24	46	11	25	37	101	65	62	64	78	79	322	44	172	90	58	86	39
WBGene00044321	mrps-30	34	9	7	49	25	54	27	32	42	37	11	28	15	36	47	28	15
WBGene00044344	mrpl-39	18	8	8	24	13	30	18	28	8	26	31	17	16	23	27	12	10
